418602088
519265246
536243886
29459692
545947135
36990266
515452048
526472185
29910080
515540639
528273377
1333160781
478056436
515453363
476324207
472141627
506092035
507134193
1347814906
1355149745
1296410418
529557738
1312710726
29732106
415792222
26292065
493394429
1309975421
538470558
540333737
31877683
543987451
31010713
1310022346
572763271
447925342
1338119851
437909145
546722490
1301572562
1348792318
1344353899
1347684016
1314777725
1331192365
441116579
543203947
1320908673
33522489
522353191
1334248838
487375361
547976140
29497338
347230
186436
191232
212233
298880
316938
66282
32705017
110146
65766
65800
513791211
166432
409916250
518781004
477933952
571553649
1355197518
468513829
1369798757
27888500
479422643
526412160
28250504
420125895
406318298
392605
97357
167975
1381049131
1397674264
86369
569213220
1359595520
1363948882
1399533630
411214279
347230
31654343
1392990601
529823971
1305366556
1334295185
65766
1396973729
426291544
36270426
1362247767
1361348080
482988834
25706282
483671599
191528
1330348068
65800
522510615
1313354324
31445554
518725853
442869203
167876
29019227
169185
1376142151
202373
1335350269
28639182
63650
542690276
1357785909
1296583188
502043537
1365898499
490407216
410801653
25727803
1365221826
1308818967
1391639224
472045959
1300994613
29947420
1395252835
536502758
1313107065
509313150
1357999894
333750
480353
1384570191
1355147933
501133798
1383927341
308353
1381761209
1386056380
1325896149
1359356908
224000
287063
28907016
26830207
27946894
5308028
33937527
4341314
31654455
38019092
29717271
22212233
2866921
4940920
4017240
1385367710
513791211
1383001696
5260494
1373228477
2740360
450853439
1381755293
424264505
461083054
506196018
557584658
31654478
440208476
452986458
33211676
461347998
26092806
505449407
3935139
26199445
139774
37653063
31356499
29750825
19542337
536622304
38592976
33911781
586299
496869422
423228325
472361096
